<level width="320" height="240">
  <Solids exportMode="Bitstring">11111111111111111111
11111111111111111111
10000011101110111111
10111000001110111111
10111011100000111111
10111011101110000001
10000011101110000001
10000000001110000001
10000000000000000001
10000011100000000001
10111011101110000001
10111011100000000001
10111000000000111111
10000011100000111111
11111111111111111111</Solids>
  <Background tileset="City" exportMode="CSV">0,0,0,0,0,0,0,0,0,0,0,0,0,0,0,0,0,0,0,0
0,0,0,0,0,0,0,0,0,0,0,0,0,0,0,0,0,0,0,0
0,26,26,26,26,26,0,0,0,26,0,0,0,26,0,0,0,0,0,0
0,26,0,0,0,26,26,26,26,26,0,0,0,26,0,0,0,0,0,0
0,26,0,0,0,26,0,0,0,26,26,26,26,26,0,0,0,0,0,0
0,26,0,0,0,26,0,0,0,26,0,0,0,26,26,26,26,26,26,0
0,26,26,26,26,26,0,0,0,26,0,0,0,26,26,26,26,26,26,0
0,26,26,26,26,26,26,26,26,26,0,0,0,26,26,26,26,26,26,56
0,26,26,26,26,26,26,26,26,26,26,26,26,26,26,26,26,26,26,56
0,26,26,26,26,26,0,0,0,26,26,26,26,26,26,26,26,26,26,0
0,26,0,0,0,26,0,0,0,26,0,0,0,26,26,26,26,26,26,0
0,26,0,0,0,26,0,0,0,26,26,26,26,26,26,26,26,26,26,0
0,26,0,0,0,26,26,26,26,26,26,26,26,26,0,0,0,0,0,0
0,26,26,26,26,26,0,0,0,26,26,26,26,26,0,0,0,0,0,0
0,0,0,0,0,0,0,0,0,0,0,0,0,0,0,0,0,0,0,0</Background>
  <Foreground tileset="City" exportMode="XMLCoords" />
  <Objects>
    <Player id="0" x="16" y="96" />
    <Cockroach id="3" x="144" y="64" />
    <Cockroach id="4" x="80" y="128" />
    <Cockroach id="5" x="80" y="48" />
    <Exit id="6" x="304" y="112" />
    <Exit id="7" x="304" y="128" />
    <Cockroach id="8" x="144" y="128" />
    <Cockroach id="9" x="144" y="144" />
    <Cockroach id="1" x="208" y="80" />
    <Cockroach id="2" x="208" y="96" />
    <Cockroach id="10" x="208" y="112" />
  </Objects>
</level>