<level width="320" height="240">
  <Solids exportMode="Bitstring">11111111111111111111
11111111111111111111
10000000000000000001
10000000000000000001
10111011110111101101
10110011100111001101
10111111111111111101
10111111111111111101
10111111111111111101
10111111111111111101
10110011100111001101
10111011110111101101
10000000000000000001
10000000000000000001
11111111111111111111</Solids>
  <Background tileset="Mountain" exportMode="CSV">10,10,10,10,10,10,10,10,10,10,10,10,10,10,10,10,10,10,10,10
10,10,10,10,10,10,10,10,10,10,10,10,10,10,10,10,10,10,10,10
10,26,26,26,26,26,26,26,26,26,26,26,26,26,26,26,26,26,26,10
10,26,26,26,26,26,26,26,26,26,26,26,26,26,26,26,26,26,26,10
10,26,0,0,0,26,11,11,11,10,26,10,10,10,10,26,10,10,26,10
10,26,0,0,26,26,11,11,11,26,26,10,10,10,26,26,10,10,26,10
10,26,1,1,1,1,11,11,11,1,1,10,10,10,1,1,10,10,26,10
10,26,1,1,1,1,11,11,11,1,1,10,10,10,1,1,10,10,26,56
10,26,0,11,11,11,11,11,11,11,11,10,10,10,11,11,10,10,26,10
10,26,0,11,11,11,11,11,11,11,11,10,10,10,11,11,10,10,26,10
10,26,0,0,26,26,11,11,11,26,26,10,10,10,26,26,10,10,26,10
10,26,0,0,0,26,11,11,11,10,26,10,10,10,10,26,10,10,26,10
10,26,26,26,26,26,26,26,26,26,26,26,26,26,26,26,26,26,26,10
10,26,26,26,26,26,26,26,26,26,26,26,26,26,26,26,26,26,26,10
10,10,10,10,10,10,10,10,10,10,10,10,10,10,10,10,10,10,10,10</Background>
  <Foreground tileset="City" exportMode="XMLCoords" />
  <Objects>
    <Player id="0" x="16" y="96" />
    <Mouse id="1" x="224" y="192" />
    <Mouse id="2" x="64" y="32" />
  </Objects>
</level>